2
6
0
1
1
5
5
7
8
2
0
5
7
6
0
7
8
0
2
1
5
5
8
7
1
7
0
9
9
9
7
7
1
6
6
5
3
2
2
7
4
2
2
1
0
8
5
1
6
7
7
0
6
1
1
8
5
1
2
8
5
9
2
1
8
0
5
0
1
2
2
7
6
1
8
5
2
5
5
3
2
6
2
9
0
0
7
2
6
1
1
2
2
2
8
3
2
0
6
7
2
1
0
1
3
1
5
7
5
6
5
5
3
2
7
5
5
8
5
5
8
5
1
5
6
7
8
1
0
0
6
7
7
6
7
5
2
9
6
0
6
6
1
4
1
7
1
5
5
7
5
6
7
6
0
3
5
9
2
3
5
0
9
5
0
2
1
2
8
6
1
0
1
5
8
8
5
6
7
1
2
8
0
5
5
0
0
5
5
6
5
2
8
6
5
2
9
6
5
1
1
1
7
2
3
0
9
7
5
6
1
7
1
5
7
5
6
6
2
4
2
5
5
4
1
9
5
3
1
6
5
6
1
3
0
5
5
0
7
5
0
7
1
7
1
1
7
2
6
5
7
0
6
1
4
2
9
5
9
5
7
7
6
5
7
1
6
6
1
6
2
7
6
6
2
0
4
7
8
1
0
1
0
1
4
8
2
1
0
9
2
9
1
2
0
5
1
6
7
6
9
2
6
2
7
1
1
7
6
8
1
8
8
1
6
8
1
7
6
3
0
2
5
7
7
1
1
3
6
7
2
0
6
9
1
0
5
1
0
3
5
7
2
8
2
5
2
7
0
3
2
1
6
9
2
9
3
5
5
1
2
7
1
1
9
5
1
6
7
0
1
1
2
0
7
8
2
1
1
7
7
6
6
4
0
2
3
6
7
8
1
5
8
1
7
2
2
3
5
0
8
7
7
0
7
1
8
8
1
6
2
8
5
5
9
4
2
1
0
6
3
7
5
5
0
6
6
6
5
1
5
0
2
9
8
8
7
8
6
5
4
3
2
9
3
8
1
5
8
5
5
6
8
0
5
2
6
0
3
0
6
5
5
5
7
2
8
0
3
1
7
5
1
7
0
5
2
6
1
5
1
3
1
1
9
5
6
7
6
6
6
9
0
0
3
4
5
1
9
1
2
5
0
5
9
0
5
7
2
0
7
6
5
2
6
1
9
1
6
1
0
6
1
5
3
5
2
6
1
6
2
8
3
5
7
1
7
2
9
5
7
5
5
6
2
8
8
7
5
6
3
9
7
3
5
5
1
6
7
5
1
0
2
1
9
1
2
7
2
3
3
5
2
0
5
1
2
2
1
7
1
2
0
3
9
5
0
5
7
8
5
1
8
7
3
0
1
1
7
0
5
2
8
6
1
5
2
1
5
8
5
9
3
2
2
5
8
2
8
2
5
5
9
6
9
2
3
3
5
3
6
6
2
2
5
1
8
5
6
3
7
8
1
6
3
1
8
9
5
7
6
7
3
8
2
1
9
0
0
0
0
0
7
0
3
1
2
2
8
6
0
0
5
1
1
2
8
1
9
6
2
7
1
2
3
1
3
7
2
8
0
1
2
1
8
7
7
3
7
1
3
0
5
6
7
9
2
9
2
1
4
5
5
5
5
6
4
2
0
6
8
6
9
2
1
7
8
6
8
2
9
8
1
2
1
3
2
3
3
2
5
0
6
1
6
1
8
1
3
1
2
7
1
7
1
2
7
1
6
3
6
0
2
5
5
2
1
6
6
0
4
0
8
0
3
2
1
5
1
3
0
3
3
1
2
2
0
9
5
2
6
1
7
5
5
7
8
2
7
2
7
1
1
2
7
2
2
7
9
6
6
5
6
2
4
1
3
6
6
9
2
9
7
0
5
6
1
0
5
8
8
7
2
6
7
6
3
0
5
8
8
1
2
0
1
1
1
1
5
1
2
8
6
6
9
5
1
0
8
2
2
1
5
0
0
7
2
0
5
0
1
7
1
0
0
1
2
6
7
2
5
1
3
1
5
6
0
9
3
7
2
5
3
0
5
4
2
6
2
1
8
2
9
3
8
2
4
7
5
5
9
2
8
0
5
1
7
5
1
6
3
9
2
6
7
3
6
1
0
1
1
7
2
1
0
2
1
2
3
7
0
1
8
6
8
6
2
1
8
0
2
1
2
4
3
5
2
3
1
5
0
8
1
8
6
8
1
1
2
4
0
5
0
8
9
5
2
6
0
7
5
0
6
0
9
3
2
2
8
7
2
5
5
8
3
2
0
8
6
1
Result of 1000 times running:
Reward [$10000] - Count: 107 Percentage: 10.7
Reward [Supply Crate] - Count: 160 Percentage: 16
Reward [Mega Crate] - Count: 142 Percentage: 14.2
Reward [Spawner Crate] - Count: 66 Percentage: 6.6
Reward [Cosmetic Crate] - Count: 19 Percentage: 1.9
Reward [Mystery Box 1*] - Count: 148 Percentage: 14.8
Reward [Mystery Box 2*] - Count: 116 Percentage: 11.6
Reward [Mystery Box 3*] - Count: 109 Percentage: 10.9
Reward [Mystery Box 4*] - Count: 81 Percentage: 8.1
Reward [Mystery Box 5*] - Count: 53 Percentage: 5.3
